100
1
19
23
999990
99
1001
99001
999899
11100
10001
100000
109876
99000
102
10110
1000000
12001
999900
901234
10010
2201
2000
11011
22
1110
777777
999999
11000
101001
2100
9999
29
900000
1101
9
11110
19
990000
16384
999989
10999
2200
1099
30
1999
899999
900001
77
100
999901
21
11010
999991
101
12
10011
990001
987654
210987
2002
2001
199
10
1000
31
1100
11111
11101
101000
999
900
1998
10101
32
1111
901
110
8192
32
11001
90
12000
999998
100001
999001
998999
2101
200
11
20
16
10111
999000
10100
10000
201
989999
765432
111
91
